time	diversity	m_div	M_div
65.74468503210234	0.1	0	1
65.8448861899809	0.5	0	2
65.94508734785944	3.6	1	6
66.045288505738	10.4	7	13
66.14548966361656	14.7	10	18
66.2456908214951	17.6	15	20
66.34589197937366	19.0	15	21
66.44609313725222	20.6	15	23
66.54629429513076	21.0	15	24
66.64649545300932	21.3	18	24
66.74669661088787	22.3	19	26
66.84689776876642	22.3	19	26
66.94709892664498	22.5	20	26
67.04730008452353	23.1	21	27
67.14750124240209	23.2	21	27
67.24770240028064	23.3	21	27
67.34790355815919	23.9	20	28
67.44810471603775	24.1	20	27
67.5483058739163	23.8	21	27
67.64850703179485	23.8	21	27
67.74870818967341	23.9	21	27
67.84890934755197	23.9	19	27
67.94911050543051	24.0	20	26
68.04931166330907	24.4	20	27
68.14951282118763	23.8	21	26
68.24971397906617	24.9	22	28
68.34991513694473	26.1	23	29
68.45011629482329	26.6	22	29
68.55031745270183	27.0	24	29
68.65051861058039	27.0	24	29
68.75071976845894	26.7	24	30
68.8509209263375	26.5	24	30
68.95112208421605	26.8	23	30
69.0513232420946	28.0	25	31
69.15152439997316	28.8	27	32
69.25172555785171	28.9	25	33
69.35192671573026	29.0	25	33
69.45212787360882	29.9	26	34
69.55232903148737	30.0	26	34
69.65253018936592	30.2	27	33
69.75273134724448	31.5	29	35
69.85293250512304	31.6	29	35
69.95313366300158	30.9	28	35
70.05333482088014	31.8	28	35
70.1535359787587	32.0	29	35
70.25373713663724	32.2	29	35
70.3539382945158	32.1	28	36
70.45413945239434	31.3	28	35
70.5543406102729	31.1	28	36
70.65454176815146	31.9	28	38
70.75474292603	32.0	28	37
70.85494408390856	31.7	28	37
70.95514524178712	31.3	27	37
71.05534639966567	31.9	27	38
71.15554755754422	33.3	29	39
71.25574871542278	32.7	28	37
71.35594987330133	33.2	28	37
71.45615103117989	33.3	29	39
71.55635218905844	33.2	29	39
71.65655334693699	32.8	30	37
71.75675450481555	32.4	29	36
71.8569556626941	32.5	29	39
71.95715682057265	33.4	29	41
72.05735797845121	34.2	28	38
72.15755913632975	34.5	31	37
72.25776029420831	34.2	31	37
72.35796145208687	33.8	28	37
72.45816260996541	33.4	29	36
72.55836376784397	33.5	29	37
72.65856492572253	33.3	29	36
72.75876608360107	32.0	29	36
72.85896724147963	32.3	28	38
72.95916839935819	33.7	29	38
73.05936955723674	35.4	31	41
73.1595707151153	36.5	33	41
73.25977187299385	36.6	32	41
73.3599730308724	36.8	31	43
73.46017418875095	36.4	31	41
73.56037534662951	35.6	30	40
73.66057650450806	35.8	30	40
73.76077766238662	36.3	31	40
73.86097882026516	37.2	33	41
73.96117997814372	37.8	30	43
74.06138113602228	36.9	29	43
74.16158229390084	37.1	34	43
74.26178345177938	37.1	32	41
74.36198460965794	37.2	33	40
74.46218576753648	37.5	35	43
74.56238692541504	38.8	34	44
74.6625880832936	38.5	35	42
74.76278924117214	39.3	36	43
74.8629903990507	41.2	37	47
74.96319155692926	41.9	36	48
75.0633927148078	42.4	39	50
75.16359387268636	41.4	37	46
75.26379503056492	40.8	38	51
75.36399618844347	40.7	36	46
75.46419734632202	42.2	39	46
75.56439850420057	43.2	39	47
75.66459966207913	44.8	40	48
75.76480081995769	47.1	42	52
75.86500197783624	50.2	45	54
75.96520313571479	53.2	48	56
76.06540429359335	53.9	50	57
76.16560545147189	54.9	53	59
76.26580660935045	56.0	54	59
76.36600776722901	56.1	54	58
76.46620892510755	55.5	54	58
76.56641008298611	53.8	52	56
76.66661124086467	51.6	49	54
76.76681239874321	48.7	46	53
76.86701355662177	47.1	42	53
76.96721471450033	46.7	42	52
77.06741587237887	44.8	40	49
77.16761703025743	41.8	37	44
77.26781818813599	38.7	34	42
77.36801934601453	37.7	33	40
77.4682205038931	37.0	32	41
77.56842166177165	36.7	34	39
77.6686228196502	35.5	30	38
77.76882397752875	34.6	30	38
77.8690251354073	34.4	28	38
77.96922629328586	34.3	29	37
78.06942745116442	35.0	29	37
78.16962860904296	34.8	28	39
78.26982976692152	34.8	30	38
78.37003092480008	34.0	31	38
78.47023208267862	33.7	32	36
78.57043324055718	33.8	31	37
78.67063439843574	34.6	32	38
78.77083555631428	34.2	31	38
78.87103671419284	33.9	30	36
78.9712378720714	33.5	31	36
79.07143902994994	33.1	29	35
79.1716401878285	32.7	29	35
79.27184134570706	32.0	29	35
79.3720425035856	31.6	29	34
79.47224366146416	31.3	29	34
79.5724448193427	30.9	29	34
79.67264597722126	30.5	28	33
79.77284713509982	30.4	27	32
79.87304829297837	29.9	28	32
79.97324945085693	30.0	28	32
80.07345060873548	29.9	28	32
80.17365176661403	29.8	28	32
80.27385292449259	29.5	27	31
80.37405408237115	28.9	26	31
80.47425524024969	28.8	26	32
80.57445639812825	27.9	25	32
80.6746575560068	27.6	25	31
80.77485871388535	27.1	25	31
80.87505987176391	26.0	23	29
80.97526102964247	25.4	22	28
81.07546218752101	24.6	22	28
81.17566334539957	24.4	21	28
81.27586450327811	24.4	22	28
81.37606566115667	24.2	22	27
81.47626681903523	24.0	22	28
81.57646797691379	23.2	21	27
81.67666913479233	22.6	20	27
81.77687029267089	22.2	20	27
81.87707145054944	21.8	20	27
81.977272608428	21.3	18	25
82.07747376630655	20.9	18	24
82.1776749241851	20.7	18	24
82.27787608206366	20.4	18	24
82.37807723994221	20.7	18	25
82.47827839782076	20.5	18	24
82.57847955569932	19.9	17	24
82.67868071357788	18.7	15	23
82.77888187145642	18.5	15	23
82.87908302933498	17.9	15	22
82.97928418721352	17.6	15	22
83.07948534509208	16.9	15	21
83.17968650297064	16.3	13	20
83.2798876608492	15.8	13	19
83.38008881872774	15.4	11	19
83.4802899766063	15.2	11	19
83.58049113448484	15.0	10	20
83.6806922923634	14.9	9	21
83.78089345024196	15.1	9	21
83.8810946081205	14.6	9	20
83.98129576599906	13.9	8	19
84.08149692387762	13.4	5	19
84.18169808175617	12.8	6	19
84.28189923963473	11.6	7	17
84.38210039751328	11.1	7	16
84.48230155539183	10.3	7	16
84.58250271327039	9.1	7	14
84.68270387114893	8.6	7	14
84.78290502902749	7.3	5	11
84.88310618690605	6.5	3	12
84.9833073447846	6.3	3	10
85.08350850266315	5.3	3	7
85.18370966054171	5.1	2	7
85.28391081842025	4.9	2	7
85.38411197629881	4.6	2	7
85.48431313417737	4.7	3	7
85.58451429205593	4.5	3	7
85.68471544993447	4.6	3	6
85.78491660781303	4.5	3	6
85.88511776569158	4.5	2	7
85.98531892357013	4.7	2	8
86.08552008144869	5.0	2	8
86.18572123932724	5.1	2	8
86.2859223972058	5.2	2	7
86.38612355508434	5.4	2	8
86.4863247129629	5.9	3	9
86.58652587084146	6.0	3	9
86.68672702872001	6.1	3	9
86.78692818659856	5.9	3	9
86.88712934447712	6.1	4	9
86.98733050235566	5.9	4	8
87.08753166023422	6.0	4	8
87.18773281811278	5.9	5	7
87.28793397599134	6.0	5	8
87.38813513386988	5.9	5	8
87.48833629174844	5.8	5	7
87.58853744962698	5.9	5	7
87.68873860750554	6.0	5	8
87.7889397653841	6.0	4	8
87.88914092326264	6.1	4	8
87.9893420811412	6.4	4	9
88.08954323901975	6.6	4	9
88.1897443968983	6.7	3	10
88.28994555477686	6.7	3	10
88.39014671265542	6.7	3	10
88.49034787053397	6.6	3	10
88.59054902841252	6.9	3	10
88.69075018629107	7.0	3	10
88.79095134416963	7.0	3	10
88.89115250204819	7.1	3	10
88.99135365992674	7.1	3	10
89.09155481780529	7.1	3	10
89.19175597568385	7.0	3	9
89.29195713356239	6.6	3	9
89.39215829144095	6.8	4	10
89.49235944931951	7.0	4	10
89.59256060719805	6.9	4	9
89.69276176507661	7.0	5	10
89.79296292295516	7.0	5	10
89.89316408083371	7.1	5	10
89.99336523871227	7.3	5	10
90.09356639659083	7.6	5	10
90.19376755446937	7.8	5	11
90.29396871234793	7.6	6	10
90.39416987022648	7.6	6	10
90.49437102810504	7.8	6	10
90.5945721859836	7.8	6	11
90.69477334386215	7.9	6	11
90.7949745017407	7.6	5	11
90.89517565961926	7.3	5	10
90.9953768174978	7.5	5	10
91.09557797537636	7.2	5	10
91.19577913325492	7.2	5	10
91.29598029113346	6.9	5	9
91.39618144901202	7.1	5	9
91.49638260689058	6.8	4	9
91.59658376476912	6.9	4	9
91.69678492264768	6.8	4	9
91.79698608052624	6.8	4	9
91.89718723840478	6.8	4	9
91.99738839628334	6.7	4	8
92.09758955416189	6.7	4	8
92.19779071204044	6.6	4	8
92.297991869919	6.5	5	8
92.39819302779756	6.5	5	8
92.4983941856761	6.4	5	8
92.59859534355466	6.5	5	8
92.69879650143321	6.6	5	8
92.79899765931177	6.6	5	8
92.89919881719032	6.5	5	8
92.99939997506888	6.4	5	7
93.09960113294743	6.4	5	7
93.19980229082599	6.5	5	7
93.30000344870453	6.6	5	7
93.40020460658309	6.6	5	8
93.50040576446165	6.5	5	8
93.60060692234019	6.6	6	8
93.70080808021875	6.8	6	8
93.8010092380973	7.1	6	8
93.90121039597585	7.2	6	8
94.00141155385441	6.9	5	8
94.10161271173297	6.9	5	9
94.20181386961151	6.8	4	9
94.30201502749007	6.8	4	9
94.40221618536862	6.6	4	9
94.50241734324717	6.4	4	9
94.60261850112573	6.2	4	8
94.70281965900429	6.0	4	8
94.80302081688284	6.0	3	8
94.9032219747614	6.0	3	8
95.00342313263994	6.0	4	8
95.1036242905185	5.7	4	8
95.20382544839705	5.8	4	8
95.3040266062756	5.8	4	8
95.40422776415416	5.8	4	7
95.5044289220327	5.8	4	7
95.60463007991126	5.8	4	7
95.70483123778982	5.8	4	7
95.80503239566838	5.7	4	7
95.90523355354692	5.8	4	7
96.00543471142548	5.8	4	7
96.10563586930402	5.7	4	7
96.20583702718258	5.6	3	7
96.30603818506114	5.6	3	7
96.4062393429397	5.2	3	7
96.50644050081824	5.4	3	7
96.6066416586968	5.3	3	7
96.70684281657535	5.2	3	7
96.8070439744539	5.2	3	7
96.90724513233246	5.4	3	7
97.007446290211	5.4	3	7
97.10764744808957	5.4	3	7
97.20784860596811	5.3	3	7
97.30804976384667	5.2	3	7
97.40825092172523	5.2	3	7
97.50845207960379	5.3	3	8
97.60865323748233	5.1	3	8
97.70885439536089	4.9	3	8
97.80905555323943	4.8	3	8
97.90925671111799	4.8	3	8
98.00945786899655	4.7	3	7
98.10965902687511	4.8	3	7
98.20986018475365	4.8	3	6
98.3100613426322	4.8	3	6
98.41026250051075	4.7	3	6
98.51046365838931	4.5	3	6
98.61066481626787	4.4	3	6
98.71086597414643	4.3	3	6
98.81106713202497	4.3	3	6
98.91126828990352	4.4	3	6
99.01146944778208	4.3	3	6
99.11167060566063	4.3	3	6
99.2118717635392	4.1	3	5
99.31207292141774	4.3	3	6
99.4122740792963	4.2	3	6
99.51247523717484	4.2	3	6
99.6126763950534	4.3	3	6
99.71287755293196	4.2	3	6
99.81307871081052	3.8	3	6
99.91327986868906	3.8	3	6
100.01348102656762	3.8	3	6
100.11368218444616	3.9	3	6
100.21388334232472	3.7	2	5
100.31408450020328	3.7	2	5
100.41428565808184	3.2	1	5
100.51448681596038	2.9	1	5
100.61468797383893	2.7	1	4
100.71488913171748	2.5	1	4
100.81509028959604	2.4	1	4
100.9152914474746	2.2	1	4
101.01549260535315	2.0	1	4
101.1156937632317	1.8	1	3
101.21589492111025	1.7	1	3
101.3160960789888	1.5	1	2
101.41629723686736	1.5	1	2
101.51649839474592	1.5	1	2
101.61669955262447	1.4	1	2
101.71690071050303	1.5	1	2
101.81710186838157	1.6	1	2
101.91730302626013	1.7	1	2
102.01750418413869	1.8	1	3
102.11770534201725	1.9	1	3
102.21790649989579	2.0	1	3
102.31810765777433	2.0	1	3
102.41830881565289	2.2	1	3
102.51850997353145	2.3	1	3
102.61871113141001	2.3	1	3
102.71891228928857	2.3	1	3
102.81911344716711	2.2	1	3
102.91931460504566	2.4	2	3
103.01951576292421	2.4	2	3
103.11971692080277	2.2	1	3
103.21991807868133	2.2	1	3
103.32011923655988	2.1	1	3
103.42032039443843	2.2	1	4
103.52052155231698	2.1	1	3
103.62072271019554	1.9	1	3
103.7209238680741	1.8	1	3
103.82112502595265	1.9	1	3
103.9213261838312	1.9	1	3
104.02152734170974	1.8	1	3
104.1217284995883	1.8	1	3
104.22192965746686	1.8	1	3
104.32213081534542	1.8	1	3
104.42233197322398	1.8	1	3
104.52253313110252	1.7	1	2
104.62273428898106	1.6	0	3
104.72293544685962	1.6	0	3
104.82313660473818	1.6	0	3
104.92333776261674	1.6	1	3
105.02353892049528	1.5	1	3
105.12374007837384	1.4	1	3
105.22394123625239	1.1	1	2
105.32414239413094	0.9	0	1
105.4243435520095	0.9	0	1
105.52454470988806	0.9	0	1
105.6247458677666	0.9	0	1
105.72494702564515	1.0	0	2
105.82514818352371	1.0	0	2
105.92534934140227	0.9	0	2
106.02555049928083	1.0	0	2
106.12575165715938	1.0	0	2
106.22595281503793	1.0	0	2
106.32615397291647	0.9	0	1
106.42635513079503	0.9	0	1
106.52655628867359	1.0	0	2
106.62675744655215	0.9	0	1
106.72695860443069	0.8	0	1
106.82715976230925	0.8	0	2
106.9273609201878	1.0	0	2
107.02756207806635	1.0	0	2
107.12776323594491	1.0	0	2
107.22796439382347	0.9	0	2
107.32816555170201	0.9	0	3
107.42836670958057	0.8	0	3
107.52856786745912	0.7	0	3
107.62876902533768	0.6	0	3
107.72897018321623	0.5	0	3
107.82917134109479	0.2	0	1
107.92937249897334	0.0	0	0
108.02957365685188	0.0	0	0
108.12977481473044	0.0	0	0
108.229975972609	0.0	0	0
108.33017713048756	0.0	0	0
108.4303782883661	0.2	0	1
108.53057944624466	0.8	0	1
108.6307806041232	0.9	0	1
108.73098176200176	0.9	0	1
108.83118291988032	0.9	0	1
108.93138407775888	1.0	1	1
109.03158523563742	1.0	1	1
109.13178639351598	1.0	1	1
109.23198755139452	1.0	1	1
109.33218870927308	1.1	1	2
109.43238986715164	1.1	1	2
109.5325910250302	1.1	1	2
109.63279218290874	1.1	1	2
109.73299334078729	1.1	1	2
109.83319449866585	1.1	1	2
109.9333956565444	1.1	1	2
110.03359681442296	1.1	1	2
110.13379797230152	1.1	1	2
110.23399913018007	1.1	1	2
110.33420028805861	1.1	1	2
110.43440144593717	1.2	1	2
110.53460260381573	1.2	1	2
110.63480376169429	1.2	1	2
110.73500491957283	1.1	1	2
110.83520607745139	1.1	1	2
110.93540723532993	1.1	1	2
111.03560839320849	1.2	1	3
111.13580955108705	1.1	1	2
111.23601070896561	1.1	1	2
111.33621186684415	1.1	1	2
111.4364130247227	1.1	1	2
111.53661418260126	1.1	1	2
111.63681534047981	1.1	1	2
111.73701649835837	1.0	1	1
111.83721765623693	1.0	1	1
111.93741881411547	1.2	1	2
112.03761997199402	1.3	1	2
112.13782112987258	1.3	1	2
112.23802228775114	1.3	1	2
112.3382234456297	1.5	1	2
112.43842460350824	1.5	1	2
112.5386257613868	1.4	1	2
112.63882691926534	1.3	1	2
112.7390280771439	1.5	1	2
112.83922923502246	1.6	1	2
112.93943039290102	2.1	1	4
113.03963155077956	2.1	1	4
113.1398327086581	2.3	1	4
113.24003386653666	2.4	1	5
113.34023502441522	2.9	2	5
113.44043618229378	3.1	2	5
113.54063734017234	3.1	2	5
113.64083849805088	3.1	2	5
113.74103965592943	3.0	2	5
113.84124081380799	3.3	2	6
113.94144197168654	3.1	2	5
114.0416431295651	2.8	1	5
114.14184428744365	2.8	1	4
114.2420454453222	2.7	1	4
114.34224660320075	2.9	1	4
114.44244776107931	3.1	1	4
114.54264891895787	3.0	1	4
114.64285007683642	3.2	2	5
114.74305123471497	3.2	2	5
114.84325239259351	3.2	2	5
114.94345355047207	3.3	2	5
115.04365470835063	3.4	2	5
115.14385586622919	3.4	1	5
115.24405702410775	3.6	2	6
115.34425818198629	3.3	1	6
115.44445933986484	3.1	1	5
115.5446604977434	3.0	1	4
115.64486165562195	2.8	1	4
115.74506281350051	2.9	1	5
115.84526397137905	2.9	1	5
115.94546512925761	2.9	1	5
116.04566628713616	2.8	2	5
116.14586744501472	2.9	2	5
116.24606860289327	2.9	2	4
116.34626976077183	2.8	2	4
116.44647091865038	2.9	2	4
116.54667207652894	2.8	2	4
116.64687323440748	2.8	2	4
116.74707439228604	2.8	1	4
116.8472755501646	2.6	1	4
116.94747670804315	2.5	1	4
117.0476778659217	2.5	1	4
117.14787902380024	2.5	1	4
117.2480801816788	2.5	1	4
117.34828133955736	2.4	1	4
117.44848249743592	2.4	1	4
117.54868365531446	2.4	1	4
117.64888481319302	2.3	1	4
117.74908597107157	2.4	1	5
117.84928712895012	2.4	1	5
117.94948828682868	2.3	1	5
118.04968944470724	2.3	1	4
118.14989060258578	2.4	1	4
118.25009176046434	2.6	1	4
118.35029291834289	2.6	1	4
118.45049407622145	2.9	2	4
118.5506952341	3.0	2	4
118.65089639197856	3.0	2	4
118.7510975498571	3.2	2	4
118.85129870773565	3.2	2	4
118.95149986561421	3.2	2	4
119.05170102349277	2.9	1	4
119.15190218137133	2.7	1	4
119.25210333924989	2.7	1	4
119.35230449712843	2.7	1	4
119.45250565500697	2.6	1	4
119.55270681288553	2.8	1	5
119.65290797076409	2.8	1	5
119.75310912864265	2.6	1	4
119.8533102865212	2.7	1	4
119.95351144439975	2.7	1	4
120.0537126022783	2.7	1	4
120.15391376015685	2.8	1	5
120.25411491803541	2.8	1	5
120.35431607591397	2.6	1	4
120.45451723379252	2.6	1	4
120.55471839167106	2.8	1	5
120.65491954954962	2.8	1	5
120.75512070742818	2.8	1	5
120.85532186530673	2.6	1	4
120.9555230231853	2.9	1	5
121.05572418106384	3.1	1	5
121.15592533894238	2.9	1	4
121.25612649682094	3.3	1	5
121.3563276546995	3.4	1	5
121.45652881257806	3.5	1	5
121.5567299704566	3.7	1	6
121.65693112833516	3.9	1	6
121.7571322862137	4.4	2	6
121.85733344409226	4.4	2	6
121.95753460197082	4.7	2	7
122.05773575984938	5.1	2	9
122.15793691772792	5.1	2	9
122.25813807560647	5.4	2	9
122.35833923348503	5.6	2	9
122.45854039136358	5.8	2	10
122.55874154924214	5.6	2	10
122.6589427071207	6.1	3	10
122.75914386499925	6.4	3	10
122.85934502287779	6.4	3	10
122.95954618075635	6.4	3	10
123.0597473386349	6.8	4	10
123.15994849651346	6.7	4	10
123.26014965439201	6.3	3	10
123.36035081227057	6.1	4	10
123.46055197014911	6.1	4	9
123.56075312802767	6.3	5	8
123.66095428590623	6.1	4	8
123.76115544378479	5.9	4	8
123.86135660166333	5.8	4	8
123.96155775954188	5.9	4	8
124.06175891742043	5.9	4	8
124.16196007529899	5.8	4	8
124.26216123317755	5.9	4	8
124.36236239105611	5.8	4	8
124.46256354893465	5.3	3	7
124.5627647068132	5.4	3	7
124.66296586469176	5.4	4	7
124.76316702257031	5.3	4	7
124.86336818044887	5.4	4	7
124.96356933832742	5.2	4	7
125.06377049620598	5.2	4	7
125.16397165408452	5.4	4	7
125.26417281196308	5.2	3	8
125.36437396984164	5.1	3	8
125.4645751277202	4.5	3	7
125.56477628559874	4.5	3	7
125.6649774434773	4.2	2	7
125.76517860135584	3.9	2	6
125.8653797592344	3.7	1	6
125.96558091711296	3.9	2	6
126.06578207499152	3.9	2	6
126.16598323287006	3.7	2	6
126.2661843907486	3.2	2	5
126.36638554862716	3.1	2	5
126.46658670650572	3.2	2	6
126.56678786438428	3.1	2	6
126.66698902226283	3.0	2	6
126.76719018014138	3.1	2	6
126.86739133801993	3.1	2	6
126.96759249589849	3.0	2	5
127.06779365377704	3.1	2	5
127.1679948116556	3.0	2	4
127.26819596953415	2.9	2	4
127.3683971274127	2.9	2	4
127.46859828529125	3.0	2	5
127.56879944316981	3.1	2	6
127.66900060104837	2.9	2	5
127.76920175892693	2.9	2	5
127.86940291680547	3.0	2	5
127.96960407468401	3.1	2	5
128.06980523256257	3.2	1	5
128.17000639044113	3.2	1	5
128.2702075483197	3.0	1	4
128.37040870619825	3.0	1	4
128.47060986407678	3.0	1	5
128.57081102195534	2.9	1	5
128.6710121798339	2.9	1	5
128.77121333771245	2.7	1	4
128.871414495591	2.4	1	4
128.97161565346954	2.3	1	4
129.07181681134813	2.1	0	4
129.17201796922666	1.9	0	4
129.27221912710522	1.8	0	4
129.37242028498378	1.7	0	4
129.47262144286233	1.3	0	3
129.5728226007409	1.3	0	3
129.67302375861942	1.0	0	2
129.77322491649798	0.9	0	2
129.87342607437654	0.7	0	2
129.9736272322551	0.6	0	2
130.07382839013366	0.6	0	2
130.1740295480122	0.5	0	1
130.27423070589077	0.4	0	1
130.3744318637693	0.4	0	1
130.47463302164786	0.4	0	1
130.57483417952642	0.3	0	1
130.67503533740495	0.2	0	1
130.77523649528354	0.2	0	1
130.87543765316207	0.2	0	1
130.97563881104062	0.1	0	1
131.07583996891918	0.1	0	1
131.1760411267977	0.0	0	0
131.2762422846763	0.0	0	0
131.37644344255483	0.0	0	0
131.4766446004334	0.0	0	0
131.57684575831195	0.0	0	0
131.6770469161905	0.0	0	0
131.77724807406906	0.0	0	0
131.8774492319476	0.0	0	0
131.97765038982618	0.0	0	0
132.0778515477047	0.0	0	0
132.17805270558327	0.0	0	0
132.27825386346183	0.2	0	1
132.37845502134036	0.2	0	1
132.47865617921894	0.3	0	2
132.57885733709747	0.3	0	2
132.67905849497603	0.4	0	2
132.7792596528546	0.6	0	2
132.87946081073312	0.6	0	2
132.9796619686117	0.6	0	2
133.07986312649024	0.5	0	2
133.1800642843688	0.4	0	2
133.28026544224736	0.4	0	2
133.3804666001259	0.4	0	2
133.48066775800447	0.5	0	2
133.580868915883	0.4	0	2
133.6810700737616	0.4	0	2
133.78127123164012	0.4	0	2
133.88147238951868	0.3	0	2
133.98167354739724	0.3	0	1
134.08187470527577	0.3	0	1
134.18207586315435	0.4	0	1
134.28227702103288	0.3	0	1
134.38247817891144	0.3	0	1
134.48267933679	0.5	0	1
134.58288049466853	0.6	0	1
134.68308165254712	0.7	0	2
134.78328281042565	0.6	0	2
134.8834839683042	0.7	0	2
134.98368512618276	0.7	0	2
135.08388628406132	0.8	0	1
135.18408744193988	1.1	0	2
135.2842885998184	1.1	0	2
135.384489757697	1.2	0	2
135.48469091557553	1.3	1	2
135.58489207345409	1.4	1	2
135.68509323133264	1.5	1	3
135.78529438921117	1.6	1	3
135.88549554708976	1.5	1	3
135.9856967049683	1.4	1	2
136.08589786284685	1.4	1	2
136.1860990207254	1.3	1	2
136.28630017860394	1.3	1	2
136.38650133648252	1.2	1	2
136.48670249436105	1.1	1	2
136.5869036522396	1.0	1	1
136.68710481011817	1.0	1	1
136.78730596799673	1.0	1	1
136.8875071258753	1.0	1	1
136.98770828375382	1.0	1	1
137.0879094416324	1.0	1	1
137.18811059951094	1.0	1	1
137.2883117573895	1.1	1	2
137.38851291526805	1.1	1	2
137.48871407314658	1.1	1	2
137.58891523102517	1.1	1	2
137.6891163889037	1.1	1	2
137.78931754678226	1.2	1	2
137.88951870466082	1.3	1	2
137.98971986253937	1.2	1	2
138.08992102041793	1.2	1	2
138.19012217829646	1.3	1	2
138.29032333617502	1.2	0	2
138.39052449405358	1.2	0	2
138.49072565193214	1.1	0	2
138.5909268098107	1.0	0	2
138.69112796768923	1.1	0	2
138.7913291255678	1.0	0	2
138.89153028344634	1.1	0	2
138.9917314413249	1.2	0	2
139.09193259920346	1.2	0	2
139.192133757082	0.8	0	2
139.29233491496058	0.8	0	1
139.3925360728391	0.6	0	1
139.49273723071767	0.5	0	1
139.59293838859622	0.6	0	1
139.69313954647478	0.6	0	1
139.79334070435334	0.7	0	2
139.89354186223187	0.8	0	2
139.99374302011043	0.8	0	2
140.093944177989	0.8	0	2
140.19414533586755	0.9	0	2
140.2943464937461	0.9	0	2
140.39454765162463	1.0	0	2
140.49474880950322	1.0	0	2
140.59494996738175	1.0	0	2
140.6951511252603	1.0	0	2
140.79535228313887	1.0	0	2
140.8955534410174	1.0	0	2
140.99575459889599	1.0	0	2
141.09595575677452	1.0	0	2
141.19615691465307	1.0	0	2
141.29635807253163	1.0	0	2
141.3965592304102	1.1	1	2
141.49676038828875	1.0	1	1
141.59696154616728	1.0	1	1
141.69716270404587	1.1	1	2
141.7973638619244	1.1	1	2
141.89756501980295	1.1	1	2
141.9977661776815	1.1	1	2
142.09796733556004	1.1	1	2
142.19816849343863	1.2	1	2
142.29836965131716	1.3	1	2
142.39857080919572	1.3	1	2
142.49877196707428	1.3	1	2
142.5989731249528	1.2	1	2
142.6991742828314	1.2	1	2
142.79937544070992	1.2	1	2
142.89957659858848	1.2	1	2
142.99977775646704	1.2	1	2
143.0999789143456	1.0	1	1
143.20018007222416	1.0	1	1
143.3003812301027	1.0	1	1
143.40058238798127	1.0	1	1
143.5007835458598	1.0	1	1
143.60098470373836	1.0	1	1
143.70118586161692	1.0	1	1
143.80138701949545	1.1	1	2
143.90158817737404	1.0	0	2
144.00178933525257	1.1	0	2
144.10199049313113	1.1	0	2
144.20219165100968	1.1	0	2
144.30239280888821	1.2	0	2
144.4025939667668	1.2	0	2
144.50279512464533	1.1	0	2
144.6029962825239	1.2	0	2
144.70319744040245	1.1	0	2
144.803398598281	1.0	0	2
144.90359975615957	1.0	0	2
145.0038009140381	1.0	0	2
145.10400207191668	0.9	0	2
145.2042032297952	0.9	0	2
145.30440438767377	0.8	0	2
145.40460554555233	0.7	0	2
145.50480670343086	0.7	0	2
145.60500786130945	0.5	0	1
145.70520901918798	0.5	0	1
145.80541017706653	0.4	0	1
145.9056113349451	0.3	0	1
146.00581249282362	0.3	0	1
146.1060136507022	0.3	0	1
146.20621480858074	0.0	0	0
146.3064159664593	0.0	0	0
146.40661712433786	0.0	0	0
146.50681828221641	0.0	0	0
146.60701944009497	0.0	0	0
146.7072205979735	0.0	0	0
146.8074217558521	0.0	0	0
146.90762291373062	0.0	0	0
147.00782407160918	0.0	0	0
147.10802522948774	0.0	0	0
147.20822638736627	0.0	0	0
147.30842754524485	0.0	0	0
147.40862870312338	0.1	0	1
147.50882986100194	0.1	0	1
147.6090310188805	0.1	0	1
147.70923217675903	0.1	0	1
147.80943333463762	0.2	0	1
147.90963449251615	0.2	0	1
148.0098356503947	0.2	0	1
148.11003680827326	0.2	0	1
148.21023796615182	0.2	0	1
148.31043912403038	0.3	0	1
148.4106402819089	0.2	0	1
148.5108414397875	0.2	0	1
148.61104259766603	0.2	0	1
148.7112437555446	0.2	0	1
148.81144491342314	0.2	0	1
148.91164607130167	0.2	0	1
149.01184722918026	0.2	0	1
149.1120483870588	0.2	0	1
149.21224954493735	0.1	0	1
149.3124507028159	0.1	0	1
149.41265186069444	0.1	0	1
149.51285301857303	0.1	0	1
149.61305417645156	0.1	0	1
149.7132553343301	0.1	0	1
149.81345649220867	0.1	0	1
149.91365765008723	0.1	0	1
150.0138588079658	0.1	0	1
150.11405996584432	0.1	0	1
150.2142611237229	0.1	0	1
150.31446228160144	0.1	0	1
150.41466343948	0.1	0	1
150.51486459735855	0.0	0	0
150.61506575523708	0.0	0	0
150.71526691311567	0.0	0	0
150.8154680709942	0.0	0	0
150.91566922887276	0.1	0	1
151.01587038675132	0.2	0	1
151.11607154462985	0.2	0	1
151.21627270250843	0.3	0	1
151.31647386038696	0.3	0	1
151.41667501826552	0.3	0	1
151.51687617614408	0.3	0	1
151.61707733402264	0.3	0	1
151.7172784919012	0.5	0	1
151.81747964977973	0.6	0	2
151.91768080765831	0.8	0	2
152.01788196553684	0.9	0	2
152.1180831234154	0.8	0	2
152.21828428129396	0.8	0	2
152.3184854391725	0.8	0	2
152.41868659705108	1.1	0	2
152.5188877549296	1.1	0	2
152.61908891280817	1.3	0	2
152.71929007068672	1.3	0	2
152.81949122856525	1.5	1	2
152.91969238644384	1.5	1	2
153.01989354432237	1.7	1	3
153.12009470220093	1.7	1	3
153.2202958600795	1.6	1	3
153.32049701795805	1.4	1	3
153.4206981758366	1.4	1	3
153.52089933371514	1.3	1	2
153.62110049159372	1.2	0	2
153.72130164947225	1.1	0	2
153.8215028073508	1.0	0	2
153.92170396522937	1.1	0	2
154.0219051231079	1.1	1	2
154.1221062809865	1.1	1	2
154.22230743886502	1.1	1	2
154.32250859674357	1.1	1	2
154.42270975462213	1.1	1	2
154.5229109125007	1.3	1	3
154.62311207037925	1.3	1	3
154.72331322825778	1.4	1	3
154.82351438613634	1.5	1	3
154.9237155440149	1.6	1	4
155.02391670189346	1.8	1	4
155.124117859772	1.8	1	4
155.22431901765054	1.8	1	4
155.32452017552913	1.8	1	4
155.42472133340766	1.9	1	4
155.52492249128622	1.8	1	4
155.62512364916478	1.8	1	4
155.7253248070433	1.7	1	3
155.8255259649219	1.7	1	3
155.92572712280042	1.6	1	4
156.02592828067898	1.7	1	3
156.12612943855754	1.7	1	3
156.2263305964361	1.6	1	3
156.32653175431466	1.7	1	3
156.4267329121932	1.9	1	3
156.52693407007175	1.9	1	3
156.6271352279503	1.9	1	3
156.72733638582886	1.9	1	3
156.82753754370742	1.8	1	3
156.92773870158595	1.6	1	2
157.02793985946454	1.6	1	2
157.12814101734307	1.6	1	2
157.22834217522163	1.3	1	2
157.32854333310019	1.2	1	2
157.42874449097872	1.1	1	2
157.5289456488573	1.1	1	2
157.62914680673583	1.2	1	2
157.7293479646144	1.3	1	2
157.82954912249295	1.3	1	2
157.9297502803715	1.3	1	2
158.02995143825007	1.4	1	2
158.1301525961286	1.4	1	2
158.23035375400718	1.5	1	2
158.3305549118857	1.5	1	2
158.43075606976427	1.5	1	2
158.53095722764283	1.4	1	2
158.63115838552136	1.3	1	2
158.73135954339995	1.3	1	2
158.83156070127848	1.1	1	2
158.93176185915704	1.1	1	2
159.0319630170356	1.3	1	3
159.13216417491412	1.3	1	3
159.2323653327927	1.3	1	3
159.33256649067124	1.2	1	3
159.4327676485498	1.3	1	3
159.53296880642836	1.4	1	3
159.63316996430692	1.5	1	3
159.73337112218547	1.5	1	3
159.833572280064	1.5	1	3
159.9337734379426	1.5	1	3
160.03397459582112	1.3	1	2
160.13417575369968	1.4	1	2
160.23437691157824	1.4	1	2
160.33457806945677	1.4	1	2
160.43477922733535	1.2	1	2
160.53498038521388	1.4	1	2
160.63518154309244	1.3	1	2
160.735382700971	1.4	1	2
160.83558385884953	1.4	1	2
160.93578501672812	1.4	1	2
161.03598617460665	1.4	1	3
161.1361873324852	1.4	1	3
161.23638849036377	1.5	1	3
161.33658964824232	1.5	1	3
161.43679080612088	1.3	1	2
161.5369919639994	1.3	1	2
161.637193121878	1.3	1	2
161.73739427975653	1.3	1	2
161.8375954376351	1.3	1	2
161.93779659551365	1.3	1	2
162.03799775339218	1.2	1	2
162.13819891127076	1.3	1	2
162.2384000691493	1.3	1	2
162.33860122702785	1.3	1	2
162.4388023849064	1.4	1	2
162.53900354278494	1.4	1	2
162.63920470066353	1.5	1	2
162.73940585854206	1.5	1	2
162.83960701642062	1.5	1	2
162.93980817429917	1.2	0	2
163.04000933217773	1.1	0	2
163.1402104900563	1.1	0	2
163.24041164793482	1.0	0	2
163.3406128058134	0.9	0	2
163.44081396369194	0.7	0	1
163.5410151215705	0.6	0	1
163.64121627944905	0.6	0	1
163.74141743732758	0.4	0	1
163.84161859520617	0.2	0	1
163.9418197530847	0.2	0	1
164.04202091096326	0.1	0	1
